   0.0000000e+00
   3.0234972e-01
   6.0452141e-01
   9.0639168e-01
   1.2078317e+00
   1.5087073e+00
   1.8088781e+00
   2.1081981e+00
   2.4065150e+00
   2.7036701e+00
   2.9994981e+00
   3.2938266e+00
   3.5864765e+00
   3.8772611e+00
   4.1659860e+00
   4.4524491e+00
   4.7364400e+00
   5.0177401e+00
   5.2961219e+00
   5.5713489e+00
   5.8431752e+00
   6.1113453e+00
   6.3755937e+00
   6.6356446e+00
   6.8912114e+00
   7.1419965e+00
   7.3876910e+00
   7.6279738e+00
   7.8625119e+00
   8.0909594e+00
   8.3129576e+00
   8.5281339e+00
   8.7361019e+00
   8.9364609e+00
   9.1287948e+00
   9.3126723e+00
   9.4876461e+00
   9.6532522e+00
   9.8090098e+00
   9.9544200e+00
   1.0088966e+01
   1.0212112e+01
   1.0323302e+01
   1.0421960e+01
   1.0507491e+01
   1.0579277e+01
   1.0186109e+01
   9.7632807e+00
   9.3096292e+00
   8.8239538e+00
   8.3050119e+00
   7.7515184e+00
   7.1621440e+00
   6.5355138e+00
   5.8702058e+00
   5.1647495e+00
   4.4176240e+00
   3.6272566e+00
   2.7920210e+00
   1.9102355e+00
   9.8016121e-01
   0.0000000e+00
