   0.0000000e+00
   2.7193846e-01
   5.4513508e-01
   8.1959038e-01
   1.0953047e+00
   1.3722782e+00
   1.6505109e+00
   1.9300026e+00
   2.2107529e+00
   2.4927613e+00
   2.7760271e+00
   3.0605491e+00
   3.3463263e+00
   3.6333572e+00
   3.9216403e+00
   4.2111737e+00
   4.5019552e+00
   4.7939825e+00
   5.0872531e+00
   5.3817641e+00
   5.6775124e+00
   5.9744944e+00
   6.2727067e+00
   6.5721452e+00
   6.8728055e+00
   7.1746832e+00
   7.4777733e+00
   7.7820705e+00
   8.0875692e+00
   8.3942636e+00
   8.7021474e+00
   9.0112138e+00
   9.3214558e+00
   9.6328659e+00
   9.9454364e+00
   1.0259159e+01
   1.0574025e+01
   1.0890025e+01
   1.1207150e+01
   1.1525389e+01
   1.1844733e+01
   1.2165169e+01
   1.2486687e+01
   1.2809275e+01
   1.3132919e+01
   1.3457607e+01
   1.2822222e+01
   1.2162807e+01
   1.1478697e+01
   1.0769205e+01
   1.0033628e+01
   9.2712455e+00
   8.4813155e+00
   7.6630781e+00
   6.8157527e+00
   5.9385384e+00
   5.0306131e+00
   4.0911331e+00
   3.1192323e+00
   2.1140220e+00
   1.0745899e+00
   0.0000000e+00
