   8.1921721e-01
   8.2720670e-01
   8.3527411e-01
   8.4342021e-01
   8.5164574e-01
   8.5995150e-01
   8.6833826e-01
   8.7680681e-01
   8.8535796e-01
   8.9399250e-01
   9.0271125e-01
   9.1151503e-01
   9.2040467e-01
   9.2938100e-01
   9.3844488e-01
   9.4759716e-01
   9.5683869e-01
   9.6617035e-01
   9.7559302e-01
   9.8510759e-01
   9.9471495e-01
   1.0044160e+00
   1.0142117e+00
   1.0241029e+00
   1.0340905e+00
   1.0441756e+00
   1.0543590e+00
   1.0646418e+00
   1.0750248e+00
   1.0855091e+00
   1.0960956e+00
   1.1067854e+00
   1.1175794e+00
   1.1284787e+00
   1.1394843e+00
   1.1505972e+00
   1.1618186e+00
   1.1731493e+00
   1.1845906e+00
   1.1961434e+00
   1.2078089e+00
   1.2195882e+00
   1.2314823e+00
   1.2434925e+00
   1.2556197e+00
   1.2678653e+00
   1.2802303e+00
   1.2927158e+00
   1.3053232e+00
   1.3180535e+00
   1.3309079e+00
   1.3438877e+00
   1.3569941e+00
   1.3702283e+00
   1.3835916e+00
   1.3970852e+00
   1.4107104e+00
   1.4244685e+00
   1.4383608e+00
   1.4523886e+00
   1.4665531e+00
   1.4808558e+00
   1.4952980e+00
   1.5098811e+00
   1.5246063e+00
   1.5394752e+00
