   9.0138184e-01
   9.1309775e-01
   9.2496594e-01
   9.3698839e-01
   9.4916710e-01
   9.6150412e-01
   9.7400148e-01
   9.8666129e-01
   9.9948565e-01
   1.0124767e+00
   1.0256366e+00
   1.0389675e+00
   1.0524718e+00
   1.0661515e+00
   1.0800091e+00
   1.0940467e+00
   1.1082669e+00
   1.1226718e+00
   1.1372640e+00
   1.1520459e+00
   1.1670198e+00
   1.1821884e+00
   1.1975542e+00
   1.2131197e+00
   1.2288875e+00
   1.2448603e+00
   1.2610406e+00
   1.2774313e+00
   1.2940350e+00
   1.3108545e+00
   1.3278927e+00
   1.3451522e+00
   1.3626362e+00
   1.3803473e+00
   1.3982887e+00
   1.4164633e+00
   1.4348741e+00
   1.4535242e+00
   1.4724167e+00
   1.4915548e+00
   1.5109416e+00
   1.5305804e+00
   1.5504745e+00
   1.5706271e+00
   1.5910417e+00
   1.6117216e+00
   1.6326703e+00
   1.6538913e+00
   1.6753881e+00
   1.6971644e+00
   1.7192237e+00
   1.7415696e+00
   1.7642061e+00
   1.7871368e+00
   1.8103655e+00
   1.8338961e+00
   1.8577326e+00
   1.8818789e+00
   1.9063391e+00
   1.9311172e+00
   1.9562173e+00
