   0.0000000e+00
   2.6618469e-01
   5.3246119e-01
   7.9875438e-01
   1.0649861e+00
   1.3310750e+00
   1.5969365e+00
   1.8624828e+00
   2.1276225e+00
   2.3922606e+00
   2.6562985e+00
   2.9196339e+00
   3.1821602e+00
   3.4437672e+00
   3.7043401e+00
   3.9637601e+00
   4.2219038e+00
   4.4786431e+00
   4.7338453e+00
   4.9873728e+00
   5.2390827e+00
   5.4888271e+00
   5.7364526e+00
   5.9818004e+00
   6.2247056e+00
   6.4649978e+00
   6.7025000e+00
   6.9370294e+00
   7.1683963e+00
   7.3964045e+00
   7.6208506e+00
   7.8415244e+00
   8.0582079e+00
   8.2706759e+00
   8.4786951e+00
   8.6820241e+00
   8.8804132e+00
   9.0736041e+00
   9.2613294e+00
   9.4433128e+00
   9.6192683e+00
   9.7889003e+00
   9.9519031e+00
   1.0107960e+01
   1.0256745e+01
   1.0397920e+01
   1.0153604e+01
   9.8895062e+00
   9.6049046e+00
   9.2990551e+00
   8.9711898e+00
   8.6205162e+00
   8.2462163e+00
   7.8474464e+00
   7.4233357e+00
   6.9729858e+00
   6.4954698e+00
   5.9898313e+00
   5.4550836e+00
   4.8902088e+00
   4.2941568e+00
   3.6658442e+00
   3.0041534e+00
   2.3079317e+00
   1.5759898e+00
   8.0710097e-01
   0.0000000e+00
