   0.0000000e+00
   3.3403754e-01
   6.6760660e-01
   1.0005391e+00
   1.3326594e+00
   1.6637839e+00
   1.9937206e+00
   2.3222694e+00
   2.6492210e+00
   2.9743570e+00
   3.2974498e+00
   3.6182615e+00
   3.9365444e+00
   4.2520400e+00
   4.5644789e+00
   4.8735805e+00
   5.1790522e+00
   5.4805894e+00
   5.7778748e+00
   6.0705778e+00
   6.3583547e+00
   6.6408474e+00
   6.9176833e+00
   7.1884748e+00
   7.4528187e+00
   7.7102956e+00
   7.9604692e+00
   8.2028862e+00
   8.4370749e+00
   8.6625453e+00
   8.8787880e+00
   9.0852738e+00
   9.2814526e+00
   9.4667530e+00
   9.6405815e+00
   9.8023217e+00
   9.9513332e+00
   1.0086951e+01
   1.0208486e+01
   1.0315220e+01
   1.0406410e+01
   1.0481284e+01
   1.0539039e+01
   1.0578846e+01
   1.0599840e+01
   1.0601127e+01
   1.0581777e+01
   1.0540826e+01
   1.0477276e+01
   1.0390089e+01
   1.0278191e+01
   9.5991013e+00
   8.8748003e+00
   8.1034748e+00
   7.2832472e+00
   6.4121729e+00
   5.4882378e+00
   4.5093563e+00
   3.4733684e+00
   2.3780375e+00
   1.2210474e+00
   0.0000000e+00
