   8.4737060e-01
   8.5735384e-01
   8.6745470e-01
   8.7767457e-01
   8.8801484e-01
   8.9847694e-01
   9.0906229e-01
   9.1977235e-01
   9.3060860e-01
   9.4157251e-01
   9.5266559e-01
   9.6388936e-01
   9.7524537e-01
   9.8673517e-01
   9.9836033e-01
   1.0101225e+00
   1.0220232e+00
   1.0340641e+00
   1.0462468e+00
   1.0585731e+00
   1.0710446e+00
   1.0836631e+00
   1.0964302e+00
   1.1093477e+00
   1.1224174e+00
   1.1356411e+00
   1.1490206e+00
   1.1625577e+00
   1.1762544e+00
   1.1901123e+00
   1.2041336e+00
   1.2183200e+00
   1.2326736e+00
   1.2471962e+00
   1.2618900e+00
   1.2767569e+00
   1.2917989e+00
   1.3070182e+00
   1.3224167e+00
   1.3379967e+00
   1.3537602e+00
   1.3697095e+00
   1.3858466e+00
   1.4021739e+00
   1.4186935e+00
   1.4354078e+00
   1.4523189e+00
   1.4694294e+00
   1.4867413e+00
   1.5042573e+00
   1.5219796e+00
   1.5399107e+00
   1.5580531e+00
   1.5764092e+00
   1.5949816e+00
   1.6137728e+00
   1.6327853e+00
   1.6520219e+00
   1.6714851e+00
   1.6911776e+00
   1.7111021e+00
