   1.0526078e+00
   1.0584358e+00
   1.0642961e+00
   1.0701888e+00
   1.0761142e+00
   1.0820723e+00
   1.0880635e+00
   1.0940878e+00
   1.1001455e+00
   1.1062368e+00
   1.1123618e+00
   1.1185207e+00
   1.1247137e+00
   1.1309410e+00
   1.1372028e+00
   1.1434993e+00
   1.1498306e+00
   1.1561970e+00
   1.1625986e+00
   1.1690357e+00
   1.1755084e+00
   1.1820170e+00
   1.1885616e+00
   1.1951425e+00
   1.2017597e+00
   1.2084137e+00
   1.2151044e+00
   1.2218322e+00
   1.2285973e+00
   1.2353997e+00
   1.2422399e+00
   1.2491179e+00
   1.2560340e+00
   1.2629884e+00
   1.2699813e+00
   1.2770129e+00
   1.2840834e+00
   1.2911931e+00
   1.2983421e+00
   1.3055307e+00
   1.3127591e+00
   1.3200275e+00
   1.3273361e+00
   1.3346852e+00
   1.3420750e+00
   1.3495057e+00
   1.3569776e+00
   1.3644908e+00
   1.3720456e+00
   1.3796423e+00
   1.3872810e+00
   1.3949620e+00
   1.4026856e+00
   1.4104520e+00
   1.4182613e+00
   1.4261139e+00
   1.4340100e+00
   1.4419499e+00
   1.4499336e+00
   1.4579617e+00
   1.4660341e+00
